15
25
55
65
69
36
89
78
12
200
258
963
1058
1872
2360
2951
3562
3988
4898
4999
5000
5026
5893
6894
6900
6902
7123
7156
7258
7963
8475
8576
8632
8763
8922
9753
9854
10023
10596
10666
10879
11257
15693
15820
15963
16874
16980
22355
22964
23986
5836
557
58
269
357
158
4875
2698
13598
5935
29823
23345
2334
67689
775
342
12223
4546
7890
9998
45464
88685
345
6547
4543
232
443
23
45456
324
4566
221
334
5564
22
543
324
453
32
52
35
25
43
345
34534
5435
5643
2123
6678
987
56889
3564
786
343
980
08969
098
8787
6979
9898
78796
980877
76889
143154